GitLab Build-Zeiten:
30.95, 31.30, 30.01, 31.29, 31.34, 31.75, 31.66, 33.86, 31.88, 31.19
30.65, 30.78, 35.27, 30.70, 31.75, 31.05, 31.20, 31.38, 30.94, 30.75
31.55, 31.95, 29.47, 30.66, 31.57, 31.42, 30.94, 31.59, 32.23, 31.68
30.52, 30.72, 31.41, 30.83, 31.19, 31.09, 31.21, 31.16, 31.19, 30.91
30.43, 30.17, 30.88, 31.92, 31.07, 30.81, 29.85, 33.61, 31.00, 31.52
31.20, 30.54, 32.37, 30.19, 30.17, 30.59, 31.05, 30.61, 39.10, 32.43
30.92, 31.28, 31.44, 30.80, 32.84, 30.51, 30.62, 31.32, 63.76, 134.31
142.41, 31.27, 32.19, 34.55, 31.26, 30.74, 31.45, 30.97, 31.20, 31.25
30.62, 34.99, 30.94, 33.52, 30.93, 31.44, 29.47, 31.99, 31.40, 31.84
34.96, 33.13, 32.41, 30.97, 31.03, 34.50, 30.91, 32.52, 31.58, 31.27
30.91, 30.54, 31.63, 31.37, 31.28, 34.96, 31.47, 30.64, 30.42, 30.50
30.40, 31.05, 40.48, 30.79, 31.50, 30.72, 29.97, 29.84, 30.83, 31.74

Statistiken, mit (build-Wert)-Anzahl: 120 Messwerten:
  Mittelwert: 33.58
  Varianz: 198.94
  Standardabweichung: 14.10
  Median: 31.20
  Minimum: 29.47
  Maximum: 142.41
  Interquartilsabstand (IQR): 0.91
  Shapiro-Wilk-Teststatistik: 0.1922, P-Wert: 0.0000
  Normalverteilung: Nein

GitHub Build-Zeiten:
9.00, 18.00, 9.00, 16.00, 27.00, 20.00, 10.00, 16.00, 12.00, 28.00
10.00, 14.00, 19.00, 17.00, 21.00, 10.00, 18.00, 11.00, 12.00, 20.00
12.00, 13.00, 22.00, 11.00, 11.00, 10.00, 10.00, 11.00, 22.00, 20.00
23.00, 17.00, 19.00, 11.00, 8.00, 9.00, 10.00, 10.00, 12.00, 15.00
10.00, 11.00, 23.00, 13.00, 23.00, 9.00, 11.00, 14.00, 13.00, 12.00
37.00, 29.00, 29.00, 10.00, 16.00, 16.00, 13.00, 15.00, 16.00, 14.00
22.00, 11.00, 23.00, 19.00, 9.00, 35.00, 26.00, 8.00, 15.00, 11.00
20.00, 26.00, 9.00, 15.00, 13.00, 13.00, 27.00, 11.00, 10.00, 18.00
10.00, 30.00, 12.00, 21.00, 10.00, 19.00, 9.00, 25.00, 10.00, 18.00
17.00, 9.00, 8.00, 11.00, 11.00, 11.00, 14.00, 9.00, 9.00, 17.00
14.00, 17.00, 8.00, 31.00, 11.00, 21.00, 19.00, 14.00, 15.00, 11.00
18.00, 10.00, 9.00, 23.00, 40.00, 17.00, 10.00, 29.00, 27.00, 10.00

Statistiken, mit (build-Wert)-Anzahl: 120 Messwerten:
  Mittelwert: 15.85
  Varianz: 46.88
  Standardabweichung: 6.85
  Median: 14.00
  Minimum: 8.00
  Maximum: 40.00
  Interquartilsabstand (IQR): 9.25
  Shapiro-Wilk-Teststatistik: 0.8797, P-Wert: 0.0000
  Normalverteilung: Nein

~~~~~~~~~~~~~~~~~~~~~~~~~~~~~ Vergleich build-time von Gitlab CI/CD und GitHub Actions, um signifikanten Unterschied festzustellen ~~~~~~~~~~~~~~~~~~~~~~~~~~~~~~~~~~~~~~~~~
Mann-Whitney-U-Test:
  U-Statistik: 14003.00, P-Wert: 0.0000
  Signifikanter Unterschied: Ja

