GitLab Build-Zeiten:
31.52, 30.95, 31.55, 31.55, 34.54, 31.60, 31.80, 29.24, 31.00, 31.83
31.06, 31.63, 31.62, 36.06, 33.60, 31.38, 29.86, 30.89, 31.37, 32.16
31.23, 31.11, 29.88, 30.78, 32.43, 31.45, 31.32, 31.71, 32.22, 32.49
31.90, 31.55, 31.27, 31.65, 30.84, 30.71, 32.12, 30.91, 30.63, 31.72
32.69, 35.26, 32.07, 32.33, 33.05, 31.12, 32.18, 31.24, 31.61, 31.42
31.70, 32.00, 34.30, 33.14, 31.81, 31.61, 30.53, 32.19, 29.71, 31.19
30.49, 31.82, 31.56, 31.79, 31.91, 30.81, 32.86, 31.88, 31.95, 33.46
31.41, 31.37, 31.20, 31.75, 31.45, 32.06, 31.01, 31.93, 31.42, 31.97
31.84, 31.93, 31.68, 31.07, 31.48, 30.00, 31.39, 31.60, 31.21, 31.28
30.52, 32.84, 32.04, 31.80, 33.32, 31.35, 30.77, 30.71, 31.19, 30.75
30.96, 32.00, 31.43, 31.53, 32.11, 33.85, 30.96, 31.20, 31.31, 31.41
33.41, 32.01, 34.11, 31.06, 31.31, 32.55, 31.64, 31.18, 31.42, 31.36

Statistiken, mit (build-Wert)-Anzahl: 120 Messwerten:
  Mittelwert: 31.70
  Varianz: 1.03
  Standardabweichung: 1.01
  Median: 31.55
  Minimum: 29.24
  Maximum: 36.06
  Interquartilsabstand (IQR): 0.81
  Shapiro-Wilk-Teststatistik: 0.8917, P-Wert: 0.0000
  Normalverteilung: Nein

GitHub Build-Zeiten:
10.00, 11.00, 12.00, 11.00, 11.00, 14.00, 13.00, 11.00, 12.00, 11.00
15.00, 14.00, 18.00, 14.00, 14.00, 9.00, 14.00, 13.00, 23.00, 11.00
16.00, 14.00, 15.00, 16.00, 14.00, 15.00, 11.00, 10.00, 11.00, 10.00
11.00, 9.00, 11.00, 11.00, 13.00, 11.00, 10.00, 11.00, 11.00, 13.00
10.00, 11.00, 9.00, 15.00, 10.00, 14.00, 14.00, 11.00, 11.00, 11.00
13.00, 11.00, 13.00, 14.00, 12.00, 15.00, 14.00, 9.00, 14.00, 10.00
14.00, 10.00, 14.00, 11.00, 11.00, 10.00, 14.00, 10.00, 11.00, 15.00
11.00, 11.00, 10.00, 11.00, 9.00, 8.00, 10.00, 12.00, 9.00, 13.00
10.00, 14.00, 13.00, 12.00, 11.00, 11.00, 12.00, 11.00, 21.00, 11.00
10.00, 11.00, 14.00, 14.00, 14.00, 11.00, 14.00, 11.00, 14.00, 12.00
15.00, 14.00, 10.00, 11.00, 11.00, 12.00, 14.00, 14.00, 14.00, 10.00
12.00, 11.00, 11.00, 14.00, 14.00, 12.00, 11.00, 12.00, 11.00, 11.00

Statistiken, mit (build-Wert)-Anzahl: 120 Messwerten:
  Mittelwert: 12.20
  Varianz: 5.19
  Standardabweichung: 2.28
  Median: 11.00
  Minimum: 8.00
  Maximum: 23.00
  Interquartilsabstand (IQR): 3.00
  Shapiro-Wilk-Teststatistik: 0.8656, P-Wert: 0.0000
  Normalverteilung: Nein

~~~~~~~~~~~~~~~~~~~~~~~~~~~~~ Vergleich build-time von Gitlab CI/CD und GitHub Actions, um signifikanten Unterschied festzustellen ~~~~~~~~~~~~~~~~~~~~~~~~~~~~~~~~~~~~~~~~~
Mann-Whitney-U-Test:
  U-Statistik: 14400.00, P-Wert: 0.0000
  Signifikanter Unterschied: Ja

