GitLab Build-Zeiten:
35.12, 36.78, 43.01, 39.20, 36.72, 36.08, 35.88, 35.92, 35.55, 37.02
35.82, 36.52, 36.58, 37.32, 38.84, 36.48, 36.27, 35.64, 37.77, 37.33
36.79, 36.24, 36.35, 35.70, 36.30, 36.04, 35.90, 35.27, 36.59, 36.00
35.73, 36.72, 35.30, 37.33, 36.08, 36.92, 36.44, 36.93, 36.95, 35.72
35.22, 37.41, 37.09, 35.18, 35.93, 36.27, 36.30, 37.15, 35.62, 36.29
36.98, 36.63, 35.75, 41.56, 35.62, 35.82, 35.95, 35.95, 35.28, 35.41
36.36, 37.95, 36.44, 36.01, 36.14, 36.60, 37.22, 36.51, 34.41, 35.66
35.86, 43.50, 35.86, 36.67, 43.79, 35.91, 36.18, 35.86, 36.49, 37.55
37.15, 37.19, 35.83, 33.77, 106.98, 35.97, 36.21, 35.94, 35.51, 36.58
33.06, 36.12, 35.55, 35.55, 36.20, 35.56, 33.57, 37.20, 37.23, 35.99
36.31, 36.94, 36.27, 35.92, 36.19, 35.48, 36.76, 35.89, 35.78, 35.75
37.04, 36.37, 40.16, 36.16, 36.55, 41.69, 36.39, 36.06, 35.58, 35.10

Statistiken, mit (build-Wert)-Anzahl: 120 Messwerten:
  Mittelwert: 37.11
  Varianz: 43.92
  Standardabweichung: 6.63
  Median: 36.22
  Minimum: 33.06
  Maximum: 106.98
  Interquartilsabstand (IQR): 1.00
  Shapiro-Wilk-Teststatistik: 0.1948, P-Wert: 0.0000
  Normalverteilung: Nein

GitHub Build-Zeiten:
9.00, 20.00, 17.00, 14.00, 18.00, 24.00, 19.00, 17.00, 17.00, 23.00
18.00, 8.00, 26.00, 16.00, 14.00, 22.00, 16.00, 25.00, 23.00, 15.00
16.00, 17.00, 17.00, 15.00, 27.00, 18.00, 24.00, 15.00, 13.00, 20.00
18.00, 17.00, 15.00, 13.00, 22.00, 23.00, 19.00, 14.00, 17.00, 21.00
12.00, 18.00, 15.00, 22.00, 16.00, 20.00, 19.00, 47.00, 21.00, 15.00
38.00, 18.00, 28.00, 19.00, 16.00, 23.00, 15.00, 17.00, 18.00, 12.00
19.00, 16.00, 16.00, 25.00, 17.00, 27.00, 14.00, 32.00, 21.00, 17.00
17.00, 23.00, 16.00, 22.00, 17.00, 25.00, 15.00, 13.00, 23.00, 16.00
17.00, 18.00, 21.00, 17.00, 20.00, 14.00, 22.00, 18.00, 14.00, 14.00
28.00, 17.00, 22.00, 15.00, 24.00, 18.00, 12.00, 16.00, 26.00, 21.00
19.00, 19.00, 10.00, 15.00, 13.00, 15.00, 24.00, 19.00, 15.00, 17.00
20.00, 33.00, 26.00, 26.00, 22.00, 24.00, 25.00, 16.00, 16.00, 23.00

Statistiken, mit (build-Wert)-Anzahl: 120 Messwerten:
  Mittelwert: 19.11
  Varianz: 30.30
  Standardabweichung: 5.50
  Median: 18.00
  Minimum: 8.00
  Maximum: 47.00
  Interquartilsabstand (IQR): 6.00
  Shapiro-Wilk-Teststatistik: 0.8947, P-Wert: 0.0000
  Normalverteilung: Nein

~~~~~~~~~~~~~~~~~~~~~~~~~~~~~ Vergleich build-time von Gitlab CI/CD und GitHub Actions, um signifikanten Unterschied festzustellen ~~~~~~~~~~~~~~~~~~~~~~~~~~~~~~~~~~~~~~~~~
Mann-Whitney-U-Test:
  U-Statistik: 14170.00, P-Wert: 0.0000
  Signifikanter Unterschied: Ja

