GitLab Build-Zeiten:
35.68, 37.39, 35.13, 38.13, 36.82, 36.73, 36.76, 39.37, 38.34, 37.92
36.16, 43.14, 37.35, 34.71, 36.99, 37.22, 36.67, 36.37, 35.01, 37.49
37.87, 44.52, 39.96, 35.06, 37.80, 38.68, 37.11, 37.17, 36.35, 35.55
36.83, 36.22, 34.08, 45.45, 36.71, 38.45, 40.98, 37.05, 36.11, 36.65
34.00, 37.35, 35.77, 36.53, 37.40, 36.07, 37.51, 35.01, 37.64, 36.54
35.44, 44.05, 36.97, 36.58, 36.72, 37.47, 38.67, 35.42, 33.97, 34.17
36.85, 38.65, 36.99, 35.76, 37.42, 36.57, 37.35, 36.44, 35.13, 37.69
36.76, 37.20, 38.01, 36.35, 36.73, 36.48, 38.08, 36.44, 36.41, 36.78
37.34, 38.47, 35.57, 36.79, 36.92, 37.62, 38.16, 37.49, 36.71, 35.63
36.95, 37.31, 36.98, 37.80, 36.35, 36.57, 36.84, 36.90, 37.48, 34.90
37.94, 39.77, 35.36, 34.73, 35.12, 36.94, 35.98, 37.03, 35.56, 37.43
37.62, 37.12, 39.34, 37.04, 37.64, 37.18, 37.79, 36.38, 38.27, 36.13

Statistiken, mit (build-Wert)-Anzahl: 120 Messwerten:
  Mittelwert: 37.10
  Varianz: 3.27
  Standardabweichung: 1.81
  Median: 36.93
  Minimum: 33.97
  Maximum: 45.45
  Interquartilsabstand (IQR): 1.27
  Shapiro-Wilk-Teststatistik: 0.8178, P-Wert: 0.0000
  Normalverteilung: Nein

GitHub Build-Zeiten:
31.00, 35.00, 35.00, 33.00, 32.00, 37.00, 31.00, 32.00, 37.00, 32.00
35.00, 32.00, 35.00, 35.00, 34.00, 34.00, 36.00, 35.00, 33.00, 33.00
42.00, 31.00, 32.00, 36.00, 30.00, 37.00, 33.00, 31.00, 34.00, 43.00
31.00, 44.00, 34.00, 33.00, 32.00, 30.00, 37.00, 31.00, 30.00, 32.00
31.00, 34.00, 31.00, 35.00, 35.00, 35.00, 32.00, 37.00, 31.00, 34.00
31.00, 45.00, 34.00, 33.00, 32.00, 31.00, 34.00, 32.00, 38.00, 33.00
30.00, 34.00, 35.00, 35.00, 36.00, 35.00, 32.00, 32.00, 35.00, 34.00
30.00, 35.00, 32.00, 31.00, 30.00, 33.00, 34.00, 31.00, 34.00, 34.00
33.00, 30.00, 31.00, 34.00, 33.00, 38.00, 33.00, 33.00, 32.00, 34.00
34.00, 31.00, 32.00, 31.00, 34.00, 33.00, 34.00, 31.00, 32.00, 34.00
34.00, 33.00, 34.00, 33.00, 31.00, 32.00, 30.00, 31.00, 29.00, 35.00
35.00, 34.00, 35.00, 37.00, 35.00, 32.00, 31.00, 32.00, 31.00, 33.00

Statistiken, mit (build-Wert)-Anzahl: 120 Messwerten:
  Mittelwert: 33.45
  Varianz: 7.39
  Standardabweichung: 2.72
  Median: 33.00
  Minimum: 29.00
  Maximum: 45.00
  Interquartilsabstand (IQR): 3.25
  Shapiro-Wilk-Teststatistik: 0.8580, P-Wert: 0.0000
  Normalverteilung: Nein

~~~~~~~~~~~~~~~~~~~~~~~~~~~~~ Vergleich build-time von Gitlab CI/CD und GitHub Actions, um signifikanten Unterschied festzustellen ~~~~~~~~~~~~~~~~~~~~~~~~~~~~~~~~~~~~~~~~~
Mann-Whitney-U-Test:
  U-Statistik: 13116.00, P-Wert: 0.0000
  Signifikanter Unterschied: Ja

